Latitude	Longitude	Depth	Sagenista	Dinophyceae	Prymnesiophyceae	Syndiniales
deg	deg	m	abund	abund	abund	abund
26.997	-79.618	1	3.518256346	37.80432223	4.634115534	31.10565576
27.004	-79.678	1	3.632447694	38.12670723	4.97174411	33.66469481
26.988	-79.778	1	3.706639247	35.58811612	4.237457414	27.95401616
26.994	-79.859	1	3.850803502	35.11326303	4.044532788	27.47711094
26.991	-79.933	1	3.75052846	34.51322713	4.368859042	28.50874064
26.991	-79.987	1	NA	33.71595646	4.196856681	NA
26.995	-80.003	1	3.770670411	33.45823771	4.292885381	29.79272722
25.497	-80.024	1	3.373667907	33.8796768	2.85843575	25.43145927
26	-86	1	3.511932799	37.4845426	4.264277134	29.50766091
26.221	-85.665	1	4.015077448	35.49700436	4.439945789	34.94346328
26.444	-85.333	1	3.458838657	36.90438977	3.780644248	27.94168558
26.666	-85.003	1	3.796869421	32.52505306	4.163536857	27.74611061
27.112	-84.334	1	3.690572679	34.37535355	3.606694026	26.60941246
27.332	-84.004	1	3.390401458	35.8561506	4.114318399	26.31550808
27.555	-83.666	1	3.397146847	35.61156318	3.992718356	25.48805489
27.778	-83.332	1	3.388787937	34.33447452	4.414304836	26.97317081
28.014	-83.016	1	NA	44.9931761	2.515306044	NA
29.5	-85.378	1	2.921036521	29.8017473	2.116048954	19.44264426
29.378	-85.509	1	3.228714601	38.64521687	2.341736153	22.20105404
29.206	-85.647	1	3.565894418	37.76369256	2.411675686	25.73499535
29.038	-85.783	1	3.62291665	36.31444021	2.618958671	21.90350499
28.866	-85.922	1	3.585282504	34.96920557	3.212281698	24.65882757
28.689	-86.064	1	NA	37.75902852	3.296489502	NA
28.516	-86.204	1	NA	37.53941652	2.885117694	NA
28.344	-86.341	1	3.082921874	34.36547226	1.803627796	19.94231721
28.172	-86.481	1	2.324243118	39.68237654	1.993947359	21.14806088
28	-86.62	1	3.288035455	36.12895612	2.32595249	24.02324004
27.5	-86.81	1	3.247415035	35.99572014	2.198716779	22.7652589
27.011	-87	1	3.664320013	37.98075067	3.823684263	29.66957069
30.111	-86.8	1	3.110714444	41.11215432	1.836606373	19.79754363
29.758	-87.041	1	3.161734042	37.09219245	2.333707514	21.86834231
29.463	-87.236	1	NA	NA	2.655849313	22.69611541
29.052	-87.521	1	3.160443198	36.77374885	2.494896041	22.15865403
28.701	-87.76	1	3.498956169	34.10113697	2.499664844	22.05491769
28.347	-88	1	2.902310889	32.13641434	1.12309015	16.53014376
27.001	-89.999	1	3.444182955	38.01065058	4.390518593	28.54424246
27.584	-89.999	1	3.47338325	37.68425797	4.180510439	29.25457107
27.737	-89.999	1	3.467874163	37.75955117	4.396817194	28.77255616
27.91	-90.001	1	3.223717923	37.98849257	4.08947587	28.92664151
28.074	-89.998	1	3.38716806	37.20310307	4.086515387	28.18717148
28.245	-89.986	1	3.821010085	36.79989038	4.276482914	27.72151053
28.499	-90	1	3.252834035	32.21387009	2.386358735	19.11482864
28.745	-89.992	1	2.37994396	38.81746034	0.571101873	13.79633393
28.935	-90.123	1	1.619270035	29.3401119	0.269414184	9.793423184
28.97	-90.21	1	1.661441936	31.04142565	0.296218053	10.28144032
28.877	-90.446	1	NA	32.7133603	0.407949416	NA
28.827	-90.814	1	2.276869755	36.07284151	0.641259806	13.62611155
27.92	-93.579	1	3.734689332	34.37554183	3.972149068	25.24262601
27.87	-93.831	1	3.434393766	33.91254559	3.723453715	23.78638913
27.691	-94.22	1	3.334816886	31.91600482	3.971236401	23.98297958
27.333	-95	1	3.812908715	34.78338041	4.493544738	28.57632023
27.5	-95.004	1	3.836891735	34.63565714	4.242401466	28.16157238
28.085	-95.001	1	NA	NA	3.432550968	27.12863644
28.334	-94.999	1	2.883403586	32.97631138	2.369642625	24.75218015
28.683	-95	1	1.920342032	29.26381525	1.007667867	21.97742815
27.335	-96.783	1	2.837264219	32.16684382	2.607830893	24.82028875
26.067	-96.923	1	2.740656427	32.40082982	2.994061137	27.06124522
26.061	-96.807	1	NA	29.37549862	3.613273227	NA
26.061	-96.568	1	3.26423849	31.46061259	3.649198705	23.8652074
26.058	-96.325	1	3.798114959	36.24469116	3.712787123	25.96238749
26.059	-96.082	1	3.814503718	34.15212357	4.025538448	27.4685177
26.058	-95.841	1	2.799213194	33.43417761	2.76831769	28.58016283
26.059	-95.55	1	3.857768277	34.73080141	4.103294646	33.76309003
26.059	-95.121	1	3.922386311	33.79749893	4.314673283	34.82199056
26.058	-94.671	1	NA	32.4857636	4.555240695	NA
26.058	-94.197	1	3.800875835	34.1200167	4.491168207	35.63473508
26.058	-93.729	1	3.945846607	36.69816857	4.353022269	34.6404115
26.057	-93.262	1	3.465070227	36.17469258	3.887549619	27.68737216
24.999	-93.416	1	3.980722647	36.04896201	4.950474953	28.44757612
22.275	-97.719	1	3.421797472	33.20054501	3.685664226	28.04800659
22.274	-97.639	1	3.525490472	33.79376316	4.019932572	27.73382171
22.273	-97.546	1	3.712422505	33.39990791	4.458367642	29.23725248
22.275	-97.453	1	3.557759835	33.83806452	4.52159842	29.24962624
22.274	-97.361	1	3.856351493	34.17841096	4.690060475	29.24152881
22.274	-96.77	1	3.924536848	35.29759174	4.623227739	28.03729371
22.274	-96.18	1	3.807844584	35.24964704	4.27450471	28.8383261
22.276	-95.588	1	3.78195447	33.56517076	4.575260619	29.63701837
22.274	-95	1	3.734453611	34.43694453	4.538380431	29.67784508
20.729	-94.75	1	3.543187393	34.08383976	4.432485346	31.16824902
20.601	-94.29	1	3.538922191	34.54998051	4.806581151	36.43885368
20.02	-93.771	1	3.287740814	34.68428404	3.377075995	24.64420808
19.609	-93.5	1	NA	35.70312608	3.488055676	NA
19.17	-93.299	1	3.529053972	33.63040224	3.718757576	25.1314346
18.836	-93.066	1	3.096980734	28.25198989	2.426746872	18.12431632
22	-92.917	1	NA	NA	NA	NA
21.733	-92.318	1	NA	34.24437849	5.161219645	NA
21.45	-91.567	1	3.441699363	34.1996319	4.708392322	29.08481115
21.167	-90.768	1	2.953832023	31.79754654	4.681543781	25.42986083
21.701	-89.667	1	3.120283821	34.3155076	4.971318342	26.68061375
22.272	-90.043	1	3.58216464	35.00392318	4.881500523	28.98775337
22.659	-90.288	1	3.834959579	33.87207895	4.922736832	28.16680994
22.971	-90.499	1	3.685131802	35.52674431	4.725451277	29.96286586
23.183	-90.642	1	NA	NA	NA	NA
21.927	-88	1	3.43918369	35.60658206	4.638558714	28.29492721
22.542	-88	1	3.452081567	35.94752931	4.342485038	27.6506767
23.156	-88.001	1	3.955776214	34.48155992	4.726488644	30.09230271
23.769	-88.001	1	4.311803902	34.13619972	4.71941584	29.65507701
24.386	-88.002	1	3.503371868	37.86853858	4.506716503	29.76950131
24.994	-87.99	1	3.579311134	38.24273382	4.796628806	30.63225364
25.493	-87.998	1	2.252005227	38.09130025	4.707672531	21.62768651
26	-88	1	3.896347753	38.61481775	4.913565614	32.29755574
23.088	-86.273	1	3.728444713	37.14777003	5.169412966	29.58224895
22.734	-86.49	1	4.202369167	36.41462481	5.371012185	30.95876066
22.54	-86.611	1	3.752554393	37.39530049	4.940037581	29.50005379
22.348	-86.744	1	NA	36.69914995	NA	NA
22.254	-86.81	1	2.287175875	36.78856677	2.764617171	30.79566127
22.206	-86.833	1	3.24835673	35.57441812	4.004304883	26.93917511
22.073	-86.916	1	3.212851565	36.54616286	4.209866452	25.7472319
21.948	-86.992	1	3.073345054	35.48894612	4.01610085	25.77248126
21.551	-86.749	1	3.162719528	32.55839137	4.222730686	24.67744916
21.591	-86.503	1	3.869183466	38.27095826	5.071178678	31.30810031
21.633	-86.242	1	3.580123043	38.64735835	4.570616566	30.0550415
21.665	-85.98	1	NA	NA	4.707535651	30.13414973
21.678	-85.897	1	3.833516919	38.45551559	5.034934096	32.8369356
24.4	-80.625	1	3.726536999	39.39890238	4.54402787	30.85306697
24.517	-80.63	1	3.569164306	37.56932975	4.06377606	26.63598358
24.735	-80.622	1	NA	36.03524831	4.275168961	NA
24.466	-82.867	1	3.273226914	35.58626434	4.238780238	27.22073972
26.596	-82.696	1	3.342331475	36.95458565	3.604163922	27.60734898
26.63	-82.554	1	3.262810757	37.59249208	3.060140121	28.57786723
26.669	-82.417	1	4.495605952	25.0112845	3.010194335	25.60771954
27.034	-82.615	1	NA	NA	3.142713753	28.36012576
26.955	-82.751	1	NA	36.7562781	NA	NA
26.879	-82.889	1	3.401208497	34.19673157	4.028136569	24.48745994
26.729	-83.101	1	3.160594584	33.26827023	3.622192103	25.35160352
26.62	-83.24	1	3.452030081	35.44236771	3.927538451	25.77552986
26.521	-83.409	1	3.347605911	35.78587024	3.946821918	27.40388121
26.387	-83.607	1	3.629770891	36.70713081	4.024729277	27.26051127
26.259	-83.806	1	3.764834241	35.85365671	3.751691507	25.53249174
26.132	-84.003	1	3.708038452	36.45254334	3.784254799	25.82358177
26.002	-84.197	1	3.406781597	36.47092698	3.680928087	25.23095545
25.874	-84.393	1	3.584568858	36.11716065	3.690796457	24.94464088
25.745	-84.589	1	3.805815021	36.46203663	3.730792258	26.01101984
25.658	-84.715	1	3.467268132	37.01876787	3.75841974	26.52052042
25.574	-84.843	1	3.71099442	36.80656099	3.463705368	27.02056812